BB01   BB    79.883    81.923    76.611    78.640    84.042    81.498    73.361    88.197    77.681    85.702
BB04   ARB   88.796    74.495    69.935    77.006    82.598    79.353    79.146    87.214    79.001    80.341
BB07   BB   112.341   108.294   107.543   106.761   104.255   107.447   109.337   102.802   112.939   109.948
BB12   BB    88.085    91.670   104.031    95.526    89.596   100.157    94.378    93.065    99.189    92.558
BB13   ARB   83.908    80.467    85.777    93.192    85.936    82.544    78.115    90.942    85.716    74.962
BB20   BB   112.994   114.717   111.285   106.187   107.245   109.561   112.779   110.518   111.688   107.609
BB24   ARB   68.551    67.413    77.988    71.472    60.989    65.988    69.488    63.721    68.822    59.555
BB25   BB    91.474    95.539   101.632    95.455    99.862   101.043    91.926    99.352    95.406   105.330
BB30   ARB   94.275    98.290    88.086    93.683    85.450    94.998    92.542    84.452    94.644    86.928
BB34   ARB   68.732    62.742    63.281    70.115    67.044    72.948    63.886    64.442    72.749    85.804
BB37   BB    84.719    87.710    93.987    85.234    91.179    86.641    85.783    88.684    91.229    96.883
BB40   BB    99.081    91.335    90.161    98.929   100.559   101.190   100.077   101.030    98.144   104.486
BB42   ARB   66.800    70.863    71.835    67.371    64.728    68.546    65.550    80.845    69.306    71.120
BB46   BB   113.284   100.448    98.235   101.922   105.692   106.007   107.961    95.128   107.814    99.983
BB49   BB    99.383    97.569    91.791    94.949    92.630    98.177    90.374    91.856    93.478    95.054
BB50   ARB   93.315    90.962    86.659    97.209    87.063    99.468    86.738    93.576    98.236   100.426
BB52   BB    79.106    83.147    83.705    75.150    78.167    84.249    80.133    74.863    80.314    79.385
BB57   BB    73.322    72.075    72.516    78.140    66.951    74.869    71.253    77.141    74.520    67.589
BB59   ARB   59.956    55.519    57.313    60.909    55.173    68.302    51.815    56.377    62.828    60.074
BB62   BB    95.969    85.546    78.038    81.097    77.969    88.690    85.367    89.336    85.369    85.018
